00101011111000010000000000000100
00101011111000100000000000000001
00101011111000110000000000000001
00101011111001000000000000000001
00101011111001110000000000000111
00000000011000010000100000000000
00000000100000100001000000000000
00000000001111110010100011111101
00000000101000100011000000000000
10101111111001100000000000000000
00010000001001110000000000000100
00010000001111110000000000000011
00010000010001110000000000000100
00010000010111110000000000000011
00001000000000000000000000010010
00000011111000110001100000000010
00001000000000000000000000001100
00000011111001000010000000000010
00101011111011000000000000000010
00101011111011010000000000001010
00101011111011100000000011001000
00101011111010110000000000000000
00101011111010100000000000000000
00101011111010010000000000000000
00100001001010010000000000000001
00000101001011101111111111111110
00100001010010100000000000000001
00000101010011011111111111111011
00100001011010110000000000000001
00000101011011001111111111111000
00001000000000000000000000000101